   8.0375892437676043e+02
   1.2835294145095831e+03
   1.1175708331844157e+03
   8.5794573476703988e+02
   1.3320092846955731e+03
   1.1900183233030803e+03
   1.4343440213500874e+03
   1.3332160522130926e+03
   1.5112501282610795e+03
   1.3033164490368090e+03
   1.6466196691828618e+03
   1.4346488096366077e+03
   1.5116779565103025e+03
   1.5469790525827593e+03
   1.5096675856992192e+03
   1.6690407862158263e+03
   1.7390644154448742e+03
   1.7628316101419364e+03
   1.3454309677238105e+03
   1.4103054540435137e+03
   1.2907639877397812e+03
   1.5686989389315975e+03
   1.4911427501690860e+03
   1.5776862871908218e+03
   1.6870834238240272e+03
   1.8142594202536502e+03
   1.4287289587662385e+03
   1.5032817487875022e+03
   1.5422908506551780e+03
   1.5804095776141917e+03
   1.5570100462650962e+03
   1.1649833481547512e+03
   1.4776692385168035e+03
   1.6024458886067609e+03
   1.5851734774491965e+03
   1.4338632925087140e+03
   1.5096168589895171e+03
   1.5956383998705271e+03
   1.7508687236706746e+03
   1.3294264193791755e+03
   1.3343639120213845e+03
   1.4717032306743442e+03
   1.6662791167976361e+03
   1.7467722105302687e+03
   1.4461077787367954e+03
   1.5864520804790691e+03
   1.1366238968668908e+03
   1.5083347177429744e+03
   1.3554677040115243e+03
   1.4802198935251777e+03
   1.5376813440034803e+03
   1.4366873544529417e+03
   1.8072099729315214e+03
   1.3947003008500640e+03
   1.5237818445534040e+03
   1.7447142397884231e+03
   1.6595517051925460e+03
   1.8303820987452489e+03
   1.8018986297355409e+03
   1.5293928272155645e+03
   1.6005383971435256e+03
   1.8224170047647153e+03
   1.6594131778861524e+03
   1.6425177444511780e+03
   1.9174200452707144e+03
   1.6444866931476533e+03
   1.5839398432645223e+03
   1.7067835484498041e+03
   1.7722874740383377e+03
   1.5040860310734786e+03
   1.5189725194952612e+03
   1.9403336742978890e+03
   1.6056788187395423e+03
   1.7051848515539939e+03
   1.4382247616733275e+03
   1.5904631638109402e+03
   1.4727554176618694e+03
   1.5158254935291241e+03
   1.4683567358677938e+03
   1.6504522448652381e+03
   1.5247649364543518e+03
   1.6043470216453961e+03
   1.5901890321364267e+03
   1.8647213110097427e+03
   1.8886173719533458e+03
   1.6981722756733823e+03
   1.6969266931194863e+03
   1.8037370392454545e+03
   1.8415374823028574e+03
   1.6811011146549258e+03
   1.6796985366360623e+03
   1.7897355946921762e+03
   1.6609658254422129e+03
   1.5022729531919986e+03
   1.2882572407562388e+03
   1.3192794735791826e+03
   1.5560869936136910e+03
   1.7319834945433570e+03
   1.6755717103217562e+03
   1.8641576469589668e+03
                      NaN
                      NaN
                      NaN
                      NaN
                      NaN
                      NaN
                      NaN
                      NaN
                      NaN
                      NaN
                      NaN
                      NaN
                      NaN
                      NaN
                      NaN
                      NaN
                      NaN
                      NaN
                      NaN
                      NaN
                      NaN
                      NaN
                      NaN
                      NaN
                      NaN
                      NaN
                      NaN
                      NaN
                      NaN
                      NaN
                      NaN
                      NaN
                      NaN
                      NaN
                      NaN
                      NaN
                      NaN
                      NaN
                      NaN
   1.4688743620927653e+03
   1.3605534635799713e+03
   1.5256697483198504e+03
   1.5768978587607198e+03
   1.4776113495709783e+03
   1.8403542234899610e+03
   1.6127994743350971e+03
   1.5479745630981320e+03
   1.6959903000269287e+03
   1.7706393515234663e+03
   1.4165827208536325e+03
   1.0454658883207401e+03
   1.6888400537570815e+03
   1.4438790544122123e+03
   1.6502170825890769e+03
   1.6624423257990707e+03
   1.5496714990864309e+03
   1.4475728830562612e+03
   1.6479494441903919e+03
   1.6491139397650797e+03
   1.8181002068549237e+03
   1.8462282073983349e+03
   1.5136059663669419e+03
   1.8835852182229189e+03
   1.5579985568561369e+03
   1.7553905713407776e+03
   1.9270424792636682e+03
   1.6289397770015792e+03
   1.4027768978880717e+03
   1.4154802189344300e+03
   1.7495096011437063e+03
   1.7177898961650337e+03
   1.5557371562160895e+03
   1.3918522627216832e+03
   1.3718001283853721e+03
   1.6897914453494143e+03
   1.7185179756981261e+03
   1.5287957860398315e+03
   1.7021843946463364e+03
   1.5895329373921288e+03
   1.7561587365712057e+03
   1.7437560174398502e+03
   2.0887938071561325e+03
   1.6588748171163998e+03
   2.0726676685644584e+03
   1.3656913080849690e+03
   1.2635309597163118e+03
   1.5438318435367237e+03
   1.6778519459737292e+03
   1.4967461299652982e+03
   1.8193329305137872e+03
   1.5828585453518378e+03
   2.0893972118255224e+03
   2.0526953565474396e+03
   1.8263506519554567e+03
   1.7272275777224572e+03
   1.7955734571583512e+03
   1.7813827942380535e+03
   1.3831478475444565e+03
   1.8188956033986296e+03
   1.7385667684460998e+03
   1.4620222484670776e+03
   1.6474145895629022e+03
   1.6584947033407057e+03
   1.5451240978719554e+03
   1.4494178300609863e+03
   1.5233463054433978e+03
   1.7784569105441308e+03
   1.5580108826374906e+03
   1.7155543370024670e+03
   1.3135946889461732e+03
   1.5525342811633423e+03
   1.5841961337687469e+03
   1.4376855754265584e+03
   1.8653933975956184e+03
   1.5145191692686781e+03
   1.6887400817775460e+03
   1.5617559985379553e+03
   1.5719581397466627e+03
   1.7106010237898772e+03
   1.3919374565233959e+03
   1.6390920265470827e+03
   1.9612261191572420e+03
   1.5911619129287271e+03
   1.7225004721325349e+03
   1.6755503479167630e+03
   1.5539868875858244e+03
   1.3687637130386618e+03
   1.3614682710455809e+03
   1.4752609091950935e+03
   1.2787241535805229e+03
   1.6034777684148592e+03
   1.3889169966442130e+03
   1.4800377676075627e+03
   1.4980308903577525e+03
   1.5574000694329752e+03
   1.3208942821589169e+03
   1.2899650673540095e+03
   1.3726992600159926e+03
   1.5104047360325158e+03
   1.9042150623063039e+03
   1.6705643102129523e+03
   1.1853575609038912e+03
   1.3430867365607414e+03
   1.5494193204848657e+03
   1.3035598584170327e+03
   1.6121514192364145e+03
   1.5415701102603402e+03
   1.6970710486363496e+03
   1.5318646881944317e+03
   1.4893358092933795e+03
   1.5247435013476897e+03
   1.6534795748458598e+03
   1.6103138927087739e+03
   1.7697554080689144e+03
   1.6708391920464937e+03
   1.5910479606348017e+03
   1.7744507199395148e+03
   1.4965288718556571e+03
   1.6447728894810912e+03
   1.7561784404965404e+03
   1.5759809570367047e+03
   1.6967611269408048e+03
   1.6789221645065220e+03
   1.7134454026625258e+03
   1.8788791453921513e+03
   1.7654979953317452e+03
   1.7773784402379538e+03
   1.8802704089851086e+03
   1.9241601501288064e+03
   1.4083422372235354e+03
   1.7477478635701723e+03
   1.5152121833538035e+03
   1.7104505753048938e+03
   2.0314371013176255e+03
   1.7779027380481300e+03
   1.7016071910295539e+03
   1.5788493392505356e+03
   1.5391352996523383e+03
   1.6947055215218156e+03
   1.5993418998076963e+03
   1.8224085840559949e+03
   1.5292620520768569e+03
   2.0041833561424678e+03
   1.9510553163020079e+03
   1.5869203587048678e+03
   1.7960544354544670e+03
   1.8367050559978934e+03
   1.8200265150759333e+03
   1.9514900313245257e+03
   1.8797801442748323e+03
   1.5997279522882873e+03
   1.7705495567720534e+03
   1.7539664684564916e+03
   1.7931806148949820e+03
   1.5933213783533420e+03
   1.6930725407067496e+03
   1.8522616921194960e+03
   2.0640279942699576e+03
   1.6186971584468924e+03
   1.2715412825727396e+03
