   1.1875998497289584e+03
   1.3214481401011096e+03
   1.6136731180956401e+03
   1.3197423968177491e+03
   1.4927537711773498e+03
   1.4601835137561393e+03
   1.5916312871213752e+03
   1.2192695094560954e+03
   1.5685579540472170e+03
   1.2457010169062205e+03
   1.1442815633830530e+03
   1.3215680090212722e+03
   1.3618072650507888e+03
   1.0797024753169017e+03
   1.1473877860022565e+03
   1.3405086866321415e+03
   1.4086188279535456e+03
   1.4574066102585250e+03
   1.5899301216847261e+03
   1.0580942265909352e+03
   1.4232953963757800e+03
   1.2761215852658870e+03
   1.6135194942012504e+03
   1.2625075888432327e+03
   1.2038976725104494e+03
   1.2401847760910980e+03
   1.1475825898880953e+03
   1.1366913220827109e+03
   1.4003437923829872e+03
   1.0295255245607218e+03
   1.3265945181116367e+03
   1.4500145622176260e+03
   1.3229894572224534e+03
   1.2462754896652739e+03
   1.3625485819715918e+03
   1.6956341370481910e+03
   1.4088349863068661e+03
   1.4240029046982345e+03
   1.3800709958434343e+03
   9.6650319786912110e+02
   1.1959909793937798e+03
   1.5565377187642544e+03
   1.3812756932921736e+03
   1.5389175791789562e+03
   1.1895004601495134e+03
   1.1606909259500028e+03
   8.9245336491232388e+02
   1.4352270767233194e+03
   1.5166475469610511e+03
   1.1018515213934252e+03
   1.4216249229519162e+03
   1.3915950286395059e+03
   1.4386419190002048e+03
   1.2961445754804779e+03
   1.3337374286277620e+03
   1.2882031296213725e+03
   1.5232315667043335e+03
   1.3953926987742566e+03
   1.1821445293159393e+03
   1.1279212233087435e+03
   1.2432016119524924e+03
   1.2608123602705068e+03
   9.3243879324423528e+02
   1.1788886216472513e+03
   1.1460109382401731e+03
   1.3532885995353333e+03
   1.3837954453216737e+03
   9.0139559994010665e+02
   9.8389939667274882e+02
   1.3283976673933878e+03
   1.2208934744005519e+03
   1.0929006824391215e+03
   9.4025174426010528e+02
   7.7048943342713710e+02
   7.8158146926438030e+02
   1.0840217370130258e+03
   7.7589214724521605e+02
   1.0583846778014090e+03
   8.5615934220535758e+02
   9.1553841906695129e+02
   1.1769257045572799e+03
   1.1056977843342661e+03
   1.2791629554864585e+03
   1.1792574708279135e+03
   1.3363621675448701e+03
   1.4759490132015630e+03
   1.1730994185020609e+03
   1.0702567138015822e+03
   1.2406559206192790e+03
   1.0075096781644403e+03
   1.4212162009669514e+03
   1.2364578819365174e+03
   9.8591625176328080e+02
   1.3173572188416692e+03
   7.1165749147028100e+02
   9.0097350289911367e+02
   1.2775208680453470e+03
   1.2462802818876412e+03
   1.3438043161171518e+03
   1.2045796813210559e+03
   8.1860975599668222e+02
   9.4972479301753947e+02
   1.1725379218891280e+03
   1.2372069172279594e+03
   1.0398067674572771e+03
   6.9389224839514384e+02
   8.3699075753169438e+02
   9.8149598781918701e+02
   1.0232848490821500e+03
   8.8636972512906937e+02
   6.8888547412029675e+02
   7.5341492213686126e+02
   8.8543262501639617e+02
   1.0117080917049001e+03
   6.1652896403390946e+02
   8.1554053498543681e+02
   8.8256392390103611e+02
   1.1395404179647512e+03
   1.3084631333639759e+03
   9.6558725502993036e+02
   7.1957711170981577e+02
   1.0714329514391247e+03
   1.0628611294008451e+03
   9.4887860243575983e+02
   1.1585203474453515e+03
   1.4586283649536942e+03
   1.0477792061053663e+03
   1.2001388449013998e+03
   1.0209817375752717e+03
   1.2612419078402677e+03
   1.2265551724485013e+03
   1.0550387821972395e+03
   1.0168704863866476e+03
   1.1615522051440107e+03
   1.1671444007275170e+03
   1.2345894581120438e+03
   1.1639417097147389e+03
   1.2483218911647593e+03
   1.2051158533564465e+03
   1.0965464262501919e+03
   1.3361256697648812e+03
   1.5229331495790361e+03
   1.2598676827953013e+03
   1.3447713547188825e+03
   1.3158161419637322e+03
   1.1868806346026413e+03
   1.0648704526067468e+03
   1.2572996850962279e+03
   1.2428191391986893e+03
   1.5774453010203179e+03
   1.1610928653508581e+03
   1.3750778862934105e+03
   1.1442841224580345e+03
   1.2087700020184200e+03
   1.3778153292008712e+03
   1.3865630770852918e+03
   9.4232749966771439e+02
   1.1117006338160272e+03
   1.3790178494821262e+03
   1.5292909162545102e+03
   1.2379536724723914e+03
   1.2890911892594340e+03
   1.2198769928566817e+03
   1.3436864778626395e+03
   1.1177524177111356e+03
   1.1638360059214688e+03
   1.1251125340717886e+03
   1.2436822568171956e+03
   1.0162841302150229e+03
   1.1915549763976501e+03
   1.0709076371139872e+03
   1.1269517028273349e+03
   1.1294027385865943e+03
   1.1553027720228024e+03
   9.7229114308793885e+02
   1.1579570986351332e+03
   1.0458288238192156e+03
   8.5316024113399362e+02
   1.0842413317564533e+03
   1.0898387198103742e+03
   1.2870442578946734e+03
   1.2423814593454520e+03
   1.4261583352305270e+03
   1.1676034654388454e+03
   8.3394548522932314e+02
   7.8218843887306866e+02
   9.6639054683944050e+02
   7.9922165244769144e+02
   8.6172415959200077e+02
   8.7927178470057424e+02
   1.1192490639505834e+03
   1.0840342224282344e+03
   1.0728527259035075e+03
   1.2423388965850252e+03
   8.3497016055634970e+02
   1.4630083482527589e+03
   8.6873793251855011e+02
   5.2335840831437292e+02
   9.0199456906469914e+02
   1.0996803826500243e+03
   9.5768201861688578e+02
   1.0293305616631851e+03
   9.0361775377426102e+02
   1.0918331751329940e+03
   1.1806007225911053e+03
   1.1782365378611262e+03
   1.1165257795429602e+03
   1.2957556897840793e+03
   8.4469192344651083e+02
   7.4995355837062448e+02
   1.1739822453160748e+03
   1.0461340577929248e+03
   8.0218931711743937e+02
   1.0709125805658816e+03
   1.1250093719720392e+03
   1.2765916765268546e+03
   1.6026347323704308e+03
   8.9857868749294050e+02
   7.8668837359747522e+02
   8.3138722039848722e+02
   1.0587094305632716e+03
   1.0374469368259695e+03
   1.1702157148353292e+03
   1.3844292663566307e+03
   1.3937119584300485e+03
   1.2591657757198609e+03
   1.1111929026665532e+03
   1.2241265047242337e+03
   1.0467466206839176e+03
   1.1683538107609088e+03
   1.2365116338460216e+03
   1.0917151239600755e+03
   1.1117717245103422e+03
   1.2473686365585509e+03
   1.2749280696133901e+03
   1.1583021511391844e+03
   1.3322293534343303e+03
   1.4454831869044449e+03
   1.3626956550023540e+03
   1.1449343454689115e+03
   1.3887905591570525e+03
   1.1029142752982648e+03
   1.2891228781256395e+03
   1.3484072068125329e+03
   1.4126441746362830e+03
   1.3138908109516608e+03
                      NaN
                      NaN
                      NaN
                      NaN
                      NaN
                      NaN
                      NaN
                      NaN
                      NaN
                      NaN
                      NaN
                      NaN
                      NaN
                      NaN
                      NaN
                      NaN
                      NaN
                      NaN
                      NaN
                      NaN
                      NaN
                      NaN
                      NaN
                      NaN
                      NaN
   1.3016108373540058e+03
   1.3100004781370078e+03
   1.4597248749870728e+03
   1.5728439023797512e+03
   1.2157508328697895e+03
   1.4165500874300899e+03
   1.0659189739780481e+03
   1.0432078697199327e+03
   1.0252074792234675e+03
   1.0542864290776129e+03
   1.3750731325794638e+03
   9.8744539521085176e+02
   1.5113716822719086e+03
   9.5761039367088370e+02
   8.0290231178296654e+02
   7.5891783499144265e+02
   9.3232314840691390e+02
   1.1775515810622483e+03
   9.4687855402588571e+02
   9.0579529816018135e+02
   8.5245087978497361e+02
   6.1001135345966952e+02
   6.9197091830958550e+02
   9.4615682205605253e+02
   7.0011009838147106e+02
   1.0877011832898761e+03
   1.3693180163576358e+03
   1.2850724764319079e+03
   9.4257200484587293e+02
