   1.5504096665572338e+03
   1.4967655200492500e+03
   1.3506077408706910e+03
   1.4433554553848553e+03
   9.3364387215950069e+02
   1.3301022786957074e+03
   1.1021217879233557e+03
   1.5165787206785524e+03
   1.2205470167295775e+03
   1.1690977650915881e+03
   1.4223689673832989e+03
   9.3759078547747754e+02
   9.3410101909133300e+02
   1.5279709833520592e+03
   1.0789073992805911e+03
   1.3795231968343392e+03
   1.3844490565787905e+03
   1.2823742069938960e+03
   1.3269096444539166e+03
   1.6003957123604036e+03
   1.6017536414164533e+03
   1.1955313183487192e+03
   1.4333032260172210e+03
   1.2380783601120615e+03
   1.3589230219543711e+03
   1.4650842516130806e+03
   1.4784110788766213e+03
   1.1014425196114844e+03
   1.0854859918667794e+03
   8.4369014192853103e+02
   1.1533043301468765e+03
   1.0607839672273992e+03
   1.7680359892312351e+03
   1.3647577206075330e+03
   1.3359817017606788e+03
   1.4192278898379298e+03
   1.3880851266695954e+03
   1.5499004382071698e+03
   1.5004710241974126e+03
   1.1474624613700112e+03
   1.4388305274094009e+03
   1.2707783251522808e+03
   1.3575980403976027e+03
   1.4415646955439704e+03
   1.4915774864998082e+03
   9.3690804843772582e+02
   9.5316015800415835e+02
   9.2506799021282677e+02
   1.2614205190415337e+03
   1.5885333761381660e+03
   1.1583122274997229e+03
   7.9870003964876207e+02
   1.2709715694442916e+03
   1.2515781631388577e+03
   1.4523729153001639e+03
   1.2023541363137901e+03
   1.1791883709552280e+03
   1.1491181757945053e+03
   1.2091922747075691e+03
   1.2357833333492847e+03
   8.6396758252591826e+02
   8.1453264380577684e+02
   1.3013904032759285e+03
   1.0829299578149501e+03
   1.3087970704016884e+03
   1.4565734599131576e+03
   1.2642579525885778e+03
   9.5946282896319326e+02
   1.3808178794461705e+03
   1.0762881597955407e+03
   9.2352725596538767e+02
   1.0881389533338227e+03
   1.4811844424185949e+03
   1.2226044659927993e+03
   1.6315379931152593e+03
   1.1281889600616739e+03
   1.2601672481957737e+03
   1.4581909966699916e+03
   1.1660920877406529e+03
   1.5128943558880105e+03
   1.3006408983647959e+03
   1.1096325576617221e+03
   1.0519849449754986e+03
   1.1255455586714208e+03
   1.2145743567476075e+03
   1.4289317689255379e+03
   1.2869621216417584e+03
   1.2553071189198961e+03
   1.2071197829298592e+03
   1.1214643947563518e+03
   1.3214600130498543e+03
   1.2547473010001383e+03
   1.1363543745697270e+03
   1.2468674720684137e+03
   1.0703891237634357e+03
   1.3202981495704871e+03
   1.0365297067538270e+03
   1.4027361398097805e+03
   1.0800353751659959e+03
   1.0319602495329223e+03
   1.0692445121207202e+03
   1.0705240378857231e+03
   1.4218781466224973e+03
   1.1724824745127808e+03
   1.2139799647247560e+03
   9.3376694882266679e+02
   1.0867293667276090e+03
   1.4421997084100433e+03
   1.3619638982050267e+03
   1.4166043871001782e+03
   1.5960184054115596e+03
   1.0650966287748658e+03
   1.2770201137530701e+03
   8.6606038061983691e+02
   1.2234914485880986e+03
   1.2852516789177241e+03
   1.2888142758664762e+03
   9.1072317268363702e+02
   1.1892807887486554e+03
   9.9813402322088712e+02
   1.2724765077114675e+03
   1.2851201180396274e+03
   1.1796320957620330e+03
   1.1090453584506013e+03
   1.2629800295978564e+03
   1.2581085810851264e+03
   1.1389621293077278e+03
   1.2020854375584900e+03
   1.2062308566882116e+03
   1.2908997952470584e+03
   1.2292752312691423e+03
   1.2235302844239523e+03
   1.6379586585317215e+03
   1.2539452657788358e+03
   1.2613974171492430e+03
   1.1356034465243361e+03
   1.1504474423680863e+03
   1.3597174189839918e+03
   1.1176196654592122e+03
   1.5648667912890453e+03
   1.3419265216146077e+03
   1.3475018008504471e+03
   1.4672477518773458e+03
   1.1337762999726581e+03
   1.4202801983479033e+03
   1.2446495817172427e+03
   1.3722027907788945e+03
   1.8042598946903984e+03
   1.2186165122417315e+03
   1.3856171527263457e+03
   1.1863268526065249e+03
   1.2216874229393352e+03
   1.0663157525114634e+03
   1.5999301438749026e+03
   1.3599413929863149e+03
   1.1191163197441272e+03
   1.1539217628915494e+03
   1.0506209917157257e+03
   1.6514344393373765e+03
   1.0608459264717453e+03
   1.1043591657598624e+03
   1.1937049417029978e+03
   1.3389981170685001e+03
   1.1860853754179320e+03
   1.3313876917070745e+03
   1.3876319367111457e+03
   1.5506591478765145e+03
   1.4569849496118868e+03
   1.4915792895109473e+03
   1.3257014354161352e+03
   1.2472598749641099e+03
   1.7526908153928921e+03
   1.1526998786545121e+03
   1.1556397271387423e+03
   1.1826427292306607e+03
   1.2883889285261296e+03
   1.1828419511691102e+03
   1.1024553271370366e+03
   1.3789806004759662e+03
   1.1373576728162443e+03
   1.2215309655744052e+03
   1.1556438402977208e+03
   1.3522857835845530e+03
   9.8829801604540944e+02
   1.4578649487343055e+03
   1.1981385181186113e+03
   1.0591921692608623e+03
   1.2949501738289184e+03
   1.4317566545562331e+03
   1.1381576056957817e+03
   1.3930512082654454e+03
   1.2980527221629277e+03
   1.1912061076641648e+03
   1.3711964285495274e+03
   1.3098905596174404e+03
   1.1190480083860559e+03
   1.1669574017265620e+03
   1.0219011683311676e+03
   1.4606018064099767e+03
   1.0998825177130891e+03
   1.2510395264473179e+03
   1.4776648160276093e+03
   1.3917649499016238e+03
   1.4049730718599674e+03
   1.1755264823659240e+03
   1.6039762718937918e+03
   1.1977783053416242e+03
   1.2157299189415196e+03
   1.0354654154518430e+03
   1.5198463851210468e+03
   1.2114304038321272e+03
   1.2981459812179737e+03
   1.2752668960558290e+03
   9.7889211346943978e+02
   1.2398416080093707e+03
   1.3894667472458209e+03
   1.1780245244875916e+03
   1.0366547510884329e+03
   1.4194151998938878e+03
   1.2869888546961774e+03
   1.2698248595810255e+03
   1.3040130641924261e+03
   1.5109635440776003e+03
   1.0235451009676920e+03
   9.8729551963676158e+02
   1.2591185602108085e+03
   9.2803773581947883e+02
   1.1263578724222834e+03
   9.6317867160075525e+02
   6.4939745043896687e+02
   7.8867050946109475e+02
   1.1538845292386686e+03
   1.0085728545877048e+03
   9.4120070447837372e+02
   1.1810789480433364e+03
   1.2200057721826147e+03
   1.0410745027301225e+03
   1.1181569628157649e+03
   1.6629617390373537e+03
   1.2934593956965437e+03
   1.3789025585772986e+03
   1.0436188314813307e+03
   1.1062640246899996e+03
   1.2723915829971927e+03
   1.0580515191866855e+03
   1.2430300075480595e+03
   1.1722678319880624e+03
   1.3794449279620153e+03
   1.0741779008142789e+03
   1.1405577782052694e+03
   1.0338372778359715e+03
   1.0995116108080833e+03
   1.2935280054232567e+03
   1.1571979585048489e+03
   1.0507895750466650e+03
   1.3928629030622649e+03
   1.4369168877068821e+03
   1.3357533488504732e+03
   1.0348761302181497e+03
   1.4192757132548325e+03
   9.7677525594075325e+02
   1.3905641280347968e+03
   1.2883731981413207e+03
   1.0929303069304633e+03
   1.4348972890688879e+03
   1.3752284051115182e+03
   9.3622188102551968e+02
   1.5144106374876342e+03
   1.4274306112425170e+03
   1.1340569330632820e+03
   1.2388821795108313e+03
   1.4772419304588618e+03
   1.3484070446986188e+03
   1.4479041969248906e+03
   1.5152767719435249e+03
   1.5618998194771243e+03
   1.3389795895811908e+03
   1.3994855751204041e+03
   1.3788380975947284e+03
   1.2242787670830073e+03
   1.7371523325938215e+03
   1.9484046139458003e+03
   1.2582067962170215e+03
   1.5566424244302448e+03
   1.4424346315333505e+03
   1.3849150010344379e+03
   1.4108437150019638e+03
   1.2556130951819619e+03
   1.1628965040624280e+03
   1.3850455435174640e+03
   1.1638998591125742e+03
   1.7227576813545447e+03
   1.7153166202000707e+03
   1.5012484520850378e+03
   1.3745389456231778e+03
   1.3897032454899881e+03
   1.3495519492848698e+03
   1.4742502089773916e+03
   1.4211924867792063e+03
   1.5295516945058525e+03
