   1.0163841426860633e+03
   1.1568160132931655e+03
   6.9060261486901550e+02
   6.9892336237452264e+02
   8.7197365161574794e+02
   8.1407844033631352e+02
   1.0123425852062488e+03
   1.0007401254095980e+03
   1.0199243324084704e+03
   9.9128876619776270e+02
   7.7041044256678197e+02
   8.9737140157656120e+02
   8.1685630302551237e+02
   1.1203640031278635e+03
   7.6771585804508584e+02
   8.6266170924680091e+02
   9.6371456566139204e+02
   7.0852091876323766e+02
   9.0779449058227488e+02
   1.0652115002829250e+03
   1.1107700066470757e+03
   1.1370624439477033e+03
   1.0250482354068411e+03
   9.1153131817814210e+02
   1.2278972706699028e+03
   9.4925904174317827e+02
   9.4392079794938718e+02
   7.8691694559296025e+02
   7.9911607096186287e+02
   9.3593576141295887e+02
   9.1492583239092710e+02
   8.9737437212481393e+02
   1.0942056726385426e+03
   1.2017949765913008e+03
   1.2114000365415907e+03
   9.5928434444512970e+02
   1.1847925741969016e+03
   1.8069087415302383e+03
   9.3817680122343052e+02
   1.2206223683544736e+03
   1.2417964352318036e+03
   9.3541736948504342e+02
   1.4935469754926689e+03
   1.3025855559526933e+03
   1.0436278558338263e+03
   1.3033847461307628e+03
   1.2638614353212392e+03
   1.2148976245113947e+03
   9.0255206093547542e+02
   1.3527397293123281e+03
   1.0510237066047409e+03
   1.1837236746287128e+03
   1.1526742269142819e+03
   1.2301673908057364e+03
   1.0509972450034836e+03
   1.0918481522805073e+03
   1.3273117442887356e+03
   1.0718932578667564e+03
   1.4592593962518667e+03
   9.9474420422000583e+02
   9.8449530592562849e+02
   1.2087374101441430e+03
   9.1324854714835317e+02
   1.1374150191887577e+03
   5.8261058290174140e+02
   5.3254469213268681e+02
   1.0587763297622676e+03
   9.1767857835914162e+02
   1.4548229431959148e+03
   1.0738901593148289e+03
   8.7182630688257211e+02
   9.9542968822564308e+02
   1.3378038402230259e+03
   1.0582263384120158e+03
   1.0790357080132490e+03
   1.1360227181351006e+03
   8.0071869022771273e+02
   6.5559542324666040e+02
   7.2058288660230153e+02
   9.6897977055956983e+02
   8.3707036752452734e+02
   1.2552048370414543e+03
   1.0884737051981879e+03
   1.0331235380280245e+03
   1.1628074664002659e+03
   8.9347732899858022e+02
   1.0668176968022558e+03
   8.5689811121095136e+02
   1.1310195583551376e+03
   1.3329326475726459e+03
   7.3990200753387410e+02
   1.0881177021667481e+03
   5.1465496106323178e+02
   1.2525152925771417e+03
   1.1738975952988862e+03
   1.0340005905536184e+03
   1.0105669169929902e+03
   9.7009320125511499e+02
   1.0968158022494999e+03
   1.4015337851301520e+03
   1.0815850176137628e+03
   9.7425081103264654e+02
   9.7725324914567705e+02
   8.2071181223282838e+02
   1.0292358467077024e+03
   1.0319462979517778e+03
   1.0082592317982891e+03
   1.1408267494626575e+03
   8.8289635299885003e+02
   1.0214909849365912e+03
   1.0668953945890748e+03
   8.6849176330316141e+02
   1.1961029819274495e+03
   9.2767706953156903e+02
   9.9455811002872804e+02
   1.1543520967885229e+03
   1.1105316021390145e+03
   6.2700804391610825e+02
   7.7390957009699798e+02
   7.9356794444941806e+02
   6.5437123898580194e+02
   9.5381866183032469e+02
   1.2334653465690501e+03
   7.9392067801452197e+02
   5.0696876734119326e+02
   7.9691254816909304e+02
   9.0753411948180747e+02
   9.0404727590561606e+02
   6.1389490959839884e+02
   7.6620351641594823e+02
   9.6576538586580500e+02
   9.2631415441654531e+02
   1.2460608384772813e+03
   8.2705325340473394e+02
   1.3431102609156583e+03
   1.0738079933374374e+03
   1.0219706717578249e+03
   1.3716887892046425e+03
   1.0100858612992515e+03
   1.0238154760024643e+03
   1.1357131776299229e+03
   7.8861600231373041e+02
   1.1732461903037913e+03
   9.5380746098096790e+02
   6.3816962742054181e+02
   8.6542050670826188e+02
   1.1199321224685877e+03
   1.0619117373484562e+03
   1.3145936326858928e+03
   1.0906231930252284e+03
   1.2603280751168304e+03
   5.0127390099646919e+02
   9.7694462171513715e+02
   1.0006150292414620e+03
   9.6248902307618607e+02
   1.1583398649688929e+03
   7.1671462224198888e+02
   1.3830222396958097e+03
   1.0989611961339720e+03
   1.1094891052600804e+03
   9.4478267117712699e+02
   1.1169988515540631e+03
   1.1245223238044546e+03
   1.0152283378265001e+03
   1.2973187447526207e+03
   8.0873437669895509e+02
   9.8946699879838479e+02
   1.0153469536055088e+03
   9.5592760358918656e+02
   1.1930951521393031e+03
   8.7925854561997915e+02
   9.8565211950410344e+02
   1.0790720585841132e+03
   1.1241513626911856e+03
   1.1882782180494321e+03
   1.0087258807979196e+03
   1.0322166337641736e+03
   1.1262471440516319e+03
   8.3948464674613433e+02
   1.2111454418005787e+03
   9.8662180596885082e+02
   1.2804638455591994e+03
   7.9850335763169801e+02
   1.1146623344299726e+03
   1.1657809529922099e+03
   1.0617140566765843e+03
   9.3691544626926702e+02
   1.2669122187919761e+03
   1.1500288422104090e+03
   1.0706689767715864e+03
   1.1369375069477778e+03
   1.2499546473022669e+03
   8.4182032703602044e+02
   1.1330771405525352e+03
   1.3192894209879823e+03
   1.3743696672492786e+03
   7.5341055784008392e+02
   1.2681252167561274e+03
   1.3732131040396537e+03
   7.6056845497333745e+02
   1.3101590328571260e+03
   1.1392558669035639e+03
   1.2134475519233511e+03
   1.2146067955244546e+03
   1.1324921057560664e+03
   1.2148711368614001e+03
   1.0946505857460820e+03
   1.2346973555424431e+03
   1.0596162166473796e+03
   1.0934935762632849e+03
   1.2057893833892172e+03
   1.1645514235633709e+03
   1.3899880459251294e+03
   1.2444834877907808e+03
   1.1654788493101798e+03
   1.2775093500190540e+03
   1.0518514678582114e+03
   9.6137428555247971e+02
   1.1801941086462834e+03
   1.0614817854730575e+03
   1.1328601683562001e+03
   1.0124444956403216e+03
   1.1195619236862478e+03
   1.0589105579314639e+03
   1.0372589834517694e+03
   1.1316679074227391e+03
   6.5746229324272485e+02
   1.1390769871062496e+03
   1.2078559505690100e+03
   1.0595745722385136e+03
   1.4756671955528145e+03
   1.2495911987785821e+03
   1.1004670662590995e+03
   9.3077718121118528e+02
   7.6106162472303379e+02
   1.1101609436928809e+03
   7.7750760567485599e+02
   5.4989587372347592e+02
   1.2362272135205799e+03
   1.2424815640227623e+03
   1.0134010972041083e+03
   8.8363319380669327e+02
   1.0581863667793423e+03
   1.2972258365339292e+03
   1.0045353424473974e+03
   9.4443510650837118e+02
   1.0115259207354875e+03
   1.2012165696449426e+03
   1.0365822484321741e+03
   9.0903007979383221e+02
   1.0363354339274429e+03
   8.0361947454165795e+02
   1.1604654540537813e+03
   1.1786488512637188e+03
   9.1276918294812708e+02
   9.4547676624895189e+02
   1.3912968729903464e+03
   8.2639625246925368e+02
   1.0748379070236888e+03
   1.3450016175085689e+03
   1.1197328689853675e+03
   1.1424241650815679e+03
   1.0051838499884298e+03
   9.9245977571393541e+02
   1.0465423087514591e+03
   1.0239005004016234e+03
   1.1089143616754932e+03
   1.1602317348470153e+03
   9.7876531786254372e+02
   1.1944775098169596e+03
   1.3578343572120884e+03
   9.6335389722537388e+02
   1.5831408516907131e+03
   1.0082951936396616e+03
   1.6649489763059767e+03
   9.3361703756238512e+02
   1.0171532264981336e+03
   1.3576134671141867e+03
   9.5913867666061913e+02
   1.2742557317132892e+03
   1.1179308468841941e+03
   7.8549854912401349e+02
   9.8565306962680233e+02
   9.9104592068154375e+02
   1.4066541601622212e+03
   9.4553360373249518e+02
   1.2328287355139776e+03
   1.1294231427258267e+03
   7.4658400066439140e+02
   1.2948008581136587e+03
   1.1062706679972666e+03
   1.2409612191265837e+03
   1.1590760593188247e+03
   1.4085703210177105e+03
   1.1784919597342537e+03
   1.5302241258793692e+03
   8.9456558492566660e+02
   8.0860841509438637e+02
   1.5232759757895510e+03
   1.1946487747167469e+03
