   1.3872579844390104e+03
   1.4070073941965634e+03
   1.5411582938607730e+03
   1.2303135036393157e+03
   1.1869573104804754e+03
   1.8565700292199401e+03
   1.3522085173123799e+03
   1.1181927339771212e+03
   1.4992818530817560e+03
   1.4497605342379356e+03
   1.0221079902328632e+03
   1.2967895822204730e+03
   1.2129780951008463e+03
   1.1668900392996186e+03
   8.8625464714259817e+02
   1.0738125835680087e+03
   1.1094487192244335e+03
   8.1108212484496084e+02
   1.4021484602438331e+03
   1.0924649546007488e+03
   9.5627798831045448e+02
   1.3570717241757829e+03
   1.0789854404920059e+03
   1.3938361424880570e+03
   1.6316706926422173e+03
   1.2869774493404695e+03
   1.0713731598002066e+03
   1.4836794093047331e+03
   1.1074677670394130e+03
   1.2125142855847480e+03
   1.2217949123062274e+03
   1.3205081658674901e+03
   1.5138589174608560e+03
   1.4614805242876382e+03
   1.4513013391009119e+03
   1.2977150600897194e+03
   1.1185404097867299e+03
   1.2577003243535157e+03
   1.2622959197108521e+03
   1.0914059698195263e+03
   9.1415570744606816e+02
   9.8062834865595539e+02
   1.1304496337780890e+03
   6.9168429777912888e+02
   1.0929931768991264e+03
   6.7963160942787863e+02
   9.8926761207208415e+02
   8.6617886035863489e+02
   1.2088419753836747e+03
   1.2514907584070656e+03
   1.0609683517457670e+03
   1.2222803139243119e+03
   9.5219389883961298e+02
   1.1251128017399485e+03
   1.2897435525646745e+03
   8.2738225092996151e+02
   1.5789073366999128e+03
   1.2120234761957952e+03
   1.0277495752100772e+03
   1.5557048366919219e+03
   6.8045111805671741e+02
   1.0837194797555760e+03
   1.4649437529274423e+03
   1.1899599289343264e+03
   1.2040443880386592e+03
   1.0645357823315871e+03
   1.0857791458501647e+03
   1.2676830200705522e+03
   1.3694298934528651e+03
   1.5349766971147355e+03
   1.5744600907583822e+03
   1.5245412838249665e+03
   1.2413954740896056e+03
   1.2716727669738129e+03
   1.2360727468995276e+03
   1.3066951422555792e+03
   1.1521023966224468e+03
   1.4671036414035739e+03
   8.3267836299303121e+02
   1.0168511708281831e+03
   1.2064470782615376e+03
   1.1569319355316404e+03
   1.7635817299070143e+03
   1.0354209174113876e+03
   1.1820935505186701e+03
   9.4992212923781506e+02
   1.2265888404105788e+03
   1.1304047082984221e+03
   1.8913545648972272e+03
   1.3885803658290488e+03
   9.6741689816353392e+02
   1.3301958718243857e+03
   1.4709952789258266e+03
   1.4036926709173772e+03
   1.4240503219687710e+03
   1.3063457530727919e+03
   1.0292492212378750e+03
   1.2856443063279580e+03
   1.4857362863368205e+03
   9.6995630472037305e+02
   8.7819184462099747e+02
   9.7452716149179696e+02
   1.2077232947293537e+03
   1.5087841559668173e+03
   1.4290378160657665e+03
   1.4245029066997183e+03
   1.0065327865110515e+03
   1.4387397586348870e+03
   1.5026819986701057e+03
   1.3403173519639201e+03
   1.2319515067613418e+03
   1.5983614840451494e+03
   1.7694211542917824e+03
   1.2891247154724090e+03
   9.1689623656469121e+02
   1.4512905986401825e+03
   1.1476976897780319e+03
   1.2567676158594520e+03
   1.3359190595242762e+03
   1.2091443878545595e+03
   1.2428608237779436e+03
   1.2256091399136801e+03
   1.3790236165218857e+03
   1.5268529095593708e+03
   1.0298310994105946e+03
   9.7042793253716309e+02
   1.5621734516541242e+03
   1.5916146779965661e+03
   1.2908704258469766e+03
   1.5490790337389087e+03
   1.2436388245581245e+03
   1.0196722136496165e+03
   1.2558184956439911e+03
   1.5240701480554972e+03
   1.1507630585693034e+03
   1.2084137448268543e+03
   1.2290896243308669e+03
   1.4020663324347393e+03
   1.2685260389924601e+03
   1.1417135797452233e+03
   1.4550010429754091e+03
   1.3671103540372155e+03
   1.1719621218639024e+03
   1.0836119427561259e+03
   1.4218079728016114e+03
   1.6369200720365459e+03
   1.5665673542203685e+03
   1.6250891447990170e+03
   1.5035003261747142e+03
   1.6701170419445568e+03
   1.2002917987382707e+03
   1.2495542508621770e+03
   1.3606298963089541e+03
   1.3722525329770824e+03
   1.1804258440291071e+03
   1.4850959265543563e+03
   1.1368917206972965e+03
   1.4271862219699797e+03
   1.7022893559235833e+03
   1.8309712573832683e+03
   1.2755917853244996e+03
   1.4382232490559986e+03
   1.7329415762735944e+03
   1.1676639494839928e+03
   1.5204965247043547e+03
   1.5803932640863993e+03
   1.3821148421067496e+03
   1.6225661436814571e+03
   1.3809400735236836e+03
   1.5715563120420393e+03
   1.1796934808483661e+03
   1.8467387367130964e+03
   1.4316853319050524e+03
   1.4175825247918929e+03
   1.3052890859101253e+03
   1.4021600935022191e+03
   1.1116888259640275e+03
   1.2918457341348490e+03
   1.0378185367765207e+03
   1.1533189993085643e+03
   1.3733417586301077e+03
   1.2011866110421545e+03
   1.3749556778246963e+03
   9.9946658978358710e+02
   1.2504984082435260e+03
   1.3602115340895334e+03
   1.0863168460819888e+03
   1.0686862816964945e+03
   1.6577521875954999e+03
   1.0299470109806027e+03
   1.4709217041589150e+03
   1.5311464673141802e+03
   1.3461463037199660e+03
   1.4418131404320834e+03
   1.3997960238611067e+03
   1.2510989788521908e+03
   1.4178211411095986e+03
   1.2448805747429972e+03
   1.2952065218438286e+03
   1.3397450246687877e+03
   1.2140432515542154e+03
   1.4449200585526628e+03
   1.2976422922774032e+03
   1.5998096519526255e+03
   1.3300696207221029e+03
   1.2798895064149565e+03
   1.5003248220896387e+03
   1.4980217719631812e+03
   1.1956939914347072e+03
   1.0034543558051785e+03
   1.1172788101857736e+03
   1.1125700308264052e+03
   1.3154322713438812e+03
   1.2008640580194065e+03
   1.2719759780246570e+03
   1.5052904483368868e+03
   1.3454880059093512e+03
   1.3837384145221181e+03
   1.4011839777654245e+03
   1.2297706724570128e+03
   1.8584940497106149e+03
   1.3934242280002152e+03
   1.3306491844711218e+03
   1.5205000057741240e+03
   1.6365683571766735e+03
   1.4387562181046476e+03
   1.3268443193956450e+03
   1.5479468916822145e+03
   1.0916970820858817e+03
   1.0121877094763205e+03
   1.1059470967221930e+03
   1.3272378994113078e+03
   1.2749330292437648e+03
   1.0223046125553551e+03
   1.2144239560964547e+03
   1.4377860925889318e+03
   1.4523209035276477e+03
   1.2478170485024070e+03
   1.5162620923543295e+03
   1.1869794035647490e+03
   9.9652729231553076e+02
   1.8158426100701308e+03
   1.2810927965969115e+03
   1.4685562918514286e+03
   1.2033938863725691e+03
   1.1071772202045679e+03
   1.5977292086141988e+03
   1.0171532465475482e+03
   1.4212757506802423e+03
   1.5374412864036919e+03
   1.5042995773440466e+03
   1.4217480166740775e+03
   1.6779413468504929e+03
   1.5352694967241314e+03
   1.2841983517200706e+03
   1.4893008804545607e+03
   1.2279340743009429e+03
   1.3728157195035794e+03
   1.4575535198376133e+03
   1.0420532537954730e+03
   1.2574520690889385e+03
   1.2268054126881068e+03
   1.4912829497188600e+03
   1.0903955463550992e+03
   1.7137529037447007e+03
   1.5368348728902110e+03
   1.5275994278676283e+03
   1.4287784190609791e+03
   1.4547506862174516e+03
   1.3389437424200460e+03
   1.4734845415837540e+03
   1.3565936590689107e+03
   1.2261049428473957e+03
   1.3357187198780482e+03
   1.3047055775183126e+03
   1.8175168737553065e+03
   1.3140377632305576e+03
   1.4489087416365705e+03
   1.7034058711718462e+03
   1.3442381386312238e+03
   1.3615153946431867e+03
   1.1695550915497702e+03
   1.1481736205406548e+03
   1.2831116318384034e+03
   1.3754239997113684e+03
   1.5378864304610397e+03
   1.1692117380777224e+03
   1.3582106260808698e+03
   1.4262628601906240e+03
   1.2833037103099064e+03
   1.2571273720283989e+03
   1.3138067869695417e+03
   1.1192406931513228e+03
   1.2615161244813135e+03
   1.3776081893892147e+03
   1.0336489346809749e+03
   1.3101323528775822e+03
   1.4309184230325395e+03
   1.4303693681251061e+03
   1.5383548093960235e+03
