                      NaN
                      NaN
                      NaN
                      NaN
                      NaN
                      NaN
                      NaN
                      NaN
                      NaN
   1.8435757807634065e+04
   1.6423462240362194e+04
   1.4815884245531099e+04
   1.3226159525265932e+04
   9.7434675462343930e+03
   7.5699737026324783e+03
   7.4414835279822046e+03
   9.7665943502610135e+03
   9.5570134999011862e+03
   5.9358922518982208e+03
   6.4446913627900421e+03
   5.2293529446781513e+03
   7.5775448854072638e+03
   8.9187196797421420e+03
   1.3087167618592797e+04
   1.5409114647961509e+04
   1.5898464024027275e+04
   1.7017352721872303e+04
   1.9044603816819079e+04
   1.9210660251304253e+04
   1.6833874192863484e+04
   1.4372958028794668e+04
   1.1733828485107872e+04
   7.9231715625368361e+03
   7.5369133349644617e+03
   6.9817883690796989e+03
   6.3806063004415882e+03
   5.8725074329435438e+03
   8.0472743372048044e+03
   9.6991010289786554e+03
   1.2785188888865585e+04
   1.4407807036426679e+04
   1.7442644273920843e+04
   1.9428558446380885e+04
   1.8785719929636223e+04
   2.1261472339968848e+04
   2.8945125591809425e+04
   2.0855325876339779e+04
   9.9989595321257548e+03
   8.3985042341085446e+03
   8.2872766449566079e+03
   7.9415221922413502e+03
   7.2036179508240111e+03
   5.8683012940898889e+03
   6.0678440980204932e+03
   7.0071737170269198e+03
   8.5509573259170793e+03
   1.1338552521123254e+04
   1.4502467913476859e+04
   1.6914593790652485e+04
   1.8420257039432894e+04
