   1.9097565399943684e+04
   1.7244739257825531e+04
   1.3644276019639034e+04
   9.7725297053950562e+03
   8.2602577628919971e+03
   7.8179632563337691e+03
   6.8077980327444448e+03
   6.2082083774307466e+03
   5.9538443905211243e+03
   6.5177588774463757e+03
   1.0181479265306178e+04
   1.3331166319957621e+04
   1.5772618701885471e+04
   1.8016483101697566e+04
   1.8284494072531961e+04
   1.7525460488979130e+04
   1.5158072108983222e+04
   1.2171466053930433e+04
   1.0112954137986275e+04
   7.1769931350361867e+03
   7.9687516124900658e+03
   7.3080114476209656e+03
   7.0154555646963636e+03
   6.3874582947886583e+03
   7.0791271090939117e+03
   5.1647026711238814e+03
   7.6613923884068236e+03
   8.3104332506118772e+03
   1.2340502126677946e+04
   1.5059813798590367e+04
   1.7537237746221985e+04
   1.9647828384569089e+04
   1.9362741913416310e+04
   1.8298855532955604e+04
   1.6548943192431416e+04
   1.3983187902845910e+04
   1.0871458063441929e+04
   7.3678374185556040e+03
   7.5827584075046780e+03
   7.0381010449960786e+03
   6.3586566206017924e+03
   6.2648003846584133e+03
   7.2369709202911527e+03
   9.8434440902392107e+03
   1.1727450523852516e+04
   1.4170131725894176e+04
   1.6284307526939585e+04
   1.7581810665899051e+04
   1.7887177414147267e+04
   1.5436105537267311e+04
   1.3577977570729046e+04
   1.0940706996391082e+04
   7.0038193131378639e+03
   7.6479673793360180e+03
   6.1557236798335798e+03
   7.1510034955772617e+03
   7.0762541357542777e+03
   6.0227288856989580e+03
   4.9761300441769417e+03
   5.1125149196085140e+03
