                      NaN
                      NaN
                      NaN
                      NaN
                      NaN
                      NaN
                      NaN
                      NaN
                      NaN
                      NaN
                      NaN
                      NaN
                      NaN
                      NaN
                      NaN
                      NaN
                      NaN
                      NaN
                      NaN
                      NaN
                      NaN
                      NaN
                      NaN
                      NaN
                      NaN
                      NaN
                      NaN
                      NaN
                      NaN
                      NaN
                      NaN
                      NaN
                      NaN
                      NaN
                      NaN
                      NaN
                      NaN
                      NaN
                      NaN
                      NaN
                      NaN
                      NaN
                      NaN
                      NaN
                      NaN
                      NaN
                      NaN
                      NaN
                      NaN
                      NaN
                      NaN
                      NaN
                      NaN
                      NaN
                      NaN
                      NaN
                      NaN
                      NaN
                      NaN
                      NaN
                      NaN
                      NaN
                      NaN
                      NaN
                      NaN
                      NaN
                      NaN
                      NaN
                      NaN
                      NaN
   1.2878666414554207e+03
   9.3409193781837087e+02
   9.8319523497026694e+02
   1.0301359234370902e+03
   1.1559257832206192e+03
   1.3475057552214005e+03
   1.2206482856763730e+03
   1.0124808420046120e+03
   1.4057794935958407e+03
   1.1620690673907939e+03
   1.0940914145807697e+03
   9.4622816647747629e+02
   1.3284508906626761e+03
   1.1659329133611750e+03
   1.3874301126711553e+03
   1.5262930912770703e+03
   1.4204344263192177e+03
   1.3498831071481923e+03
   1.3171787099200822e+03
   1.2343326624240390e+03
   1.4693962373808481e+03
   1.3044302002005822e+03
   1.0995751738774259e+03
   1.5718354157113417e+03
   1.6383333014547761e+03
   1.5737885038375441e+03
   1.5477974928427125e+03
   1.3624693182801864e+03
   1.3774221994836860e+03
   1.3147688560415377e+03
   1.3581152868780291e+03
   1.1134273206626913e+03
   9.6107102619479758e+02
   1.1840705517372526e+03
   1.0015451790177983e+03
   1.2599737227899448e+03
   1.0561954222824056e+03
   1.0324353255210920e+03
   1.4680301669150999e+03
   1.3406059223195218e+03
   1.1363313583138570e+03
   1.1741277354857280e+03
   1.4392022194852862e+03
   1.3048287359351425e+03
   1.5568533331916526e+03
   1.4511173890915243e+03
   9.6420300054272820e+02
   1.3952443659067758e+03
   1.2091604531763312e+03
   1.1963679920186080e+03
   1.3102780102644151e+03
   1.1456447149978235e+03
   1.1095188357256188e+03
   1.2162892060123013e+03
   9.2834214187414705e+02
   1.2637919984269079e+03
   1.0496582691694180e+03
   1.4142034157883611e+03
   1.2095403614186246e+03
   1.1018920605302094e+03
   7.6001606377103144e+02
   7.8837138168368620e+02
   9.8431041881059423e+02
   1.4037884530971587e+03
   1.2550630683530355e+03
   1.4097407481101991e+03
   1.1293608434818707e+03
   1.3881789222771113e+03
   1.6850157920782062e+03
   1.8006703162129584e+03
   1.4372925455077793e+03
   1.3509738107099859e+03
   1.5153717150722046e+03
   1.1277347688898801e+03
   1.4176081157598776e+03
   1.2434970489467983e+03
   1.2235264404676709e+03
   1.3393704919286899e+03
   1.1899106609093460e+03
   1.1837499183931366e+03
   1.0125732200299336e+03
   9.4058005810431928e+02
   9.7439517144650108e+02
   9.5546572073919208e+02
   1.1628647582186363e+03
   1.0496088356971597e+03
   1.0117061796807689e+03
   1.0895958534163283e+03
   8.8411573257944337e+02
   1.1618598602806553e+03
   1.1208567305302768e+03
   1.3646828700862338e+03
   1.4455995871732869e+03
   1.2078656427095013e+03
   1.2550681834031052e+03
   1.5653867754031555e+03
   1.6404466552342303e+03
   1.5174903192439021e+03
   1.3854572596858170e+03
   1.3146764278168469e+03
   1.6627178712796212e+03
   1.5811805554778371e+03
   1.7126804666540627e+03
   1.7858594414562053e+03
   1.5453838356515257e+03
   1.6119988287635597e+03
   1.6237269223292139e+03
   1.3601427578349953e+03
   1.3304793633530292e+03
   1.7646194693159773e+03
   1.5525114606665725e+03
   1.0559549588804819e+03
   1.7544352849369693e+03
   1.5160980697515643e+03
   1.1292870710807501e+03
   1.5119733969242927e+03
   1.6239852991721416e+03
   1.7401978964717498e+03
   1.3951172909036040e+03
   1.5830634683085900e+03
   1.5365635879721140e+03
   1.1644644225375735e+03
   1.5375889022879787e+03
   1.2033501430538868e+03
   1.4708956209754506e+03
   1.3220921158719757e+03
   1.1405219678042515e+03
   9.7866488668432805e+02
   9.9459947915357395e+02
                      NaN
                      NaN
                      NaN
                      NaN
                      NaN
                      NaN
                      NaN
                      NaN
                      NaN
                      NaN
                      NaN
                      NaN
                      NaN
                      NaN
                      NaN
                      NaN
                      NaN
                      NaN
                      NaN
                      NaN
                      NaN
                      NaN
                      NaN
                      NaN
                      NaN
                      NaN
                      NaN
                      NaN
                      NaN
                      NaN
                      NaN
                      NaN
                      NaN
                      NaN
                      NaN
                      NaN
                      NaN
                      NaN
                      NaN
                      NaN
                      NaN
                      NaN
                      NaN
                      NaN
                      NaN
                      NaN
                      NaN
                      NaN
                      NaN
                      NaN
                      NaN
                      NaN
                      NaN
                      NaN
                      NaN
                      NaN
                      NaN
                      NaN
                      NaN
                      NaN
                      NaN
                      NaN
                      NaN
                      NaN
                      NaN
                      NaN
                      NaN
                      NaN
                      NaN
                      NaN
                      NaN
                      NaN
                      NaN
                      NaN
                      NaN
                      NaN
                      NaN
                      NaN
                      NaN
                      NaN
                      NaN
                      NaN
                      NaN
                      NaN
                      NaN
                      NaN
                      NaN
                      NaN
                      NaN
                      NaN
                      NaN
                      NaN
                      NaN
                      NaN
                      NaN
                      NaN
                      NaN
                      NaN
                      NaN
                      NaN
                      NaN
