   1.1191633039818566e+03
   1.1532972984994688e+03
   1.0420400719024319e+03
   1.1382811845443721e+03
   1.0757007565923429e+03
   1.0502465924700789e+03
   1.1223733940252891e+03
   1.1399991403092415e+03
   9.2651458277818756e+02
   9.8407305820979150e+02
   9.5461538527904895e+02
   1.0839881034298917e+03
   1.0837964258947732e+03
   1.0543885212501998e+03
   1.0613724238895729e+03
   1.1662341954639721e+03
   1.1500334902168686e+03
   1.1613478678434444e+03
   1.0197569146809039e+03
   1.1216707265151417e+03
   1.1365504005139246e+03
   1.0935455895596920e+03
   1.1355259274129983e+03
   1.1007827327568752e+03
   1.2807103354668179e+03
   1.1246713938724929e+03
   1.2067006379960744e+03
   1.1957799192049163e+03
   1.2612194862558276e+03
   1.1445162765955674e+03
   1.0999259939273406e+03
   1.0820470912250544e+03
   1.2006359516122850e+03
   1.2335772989606769e+03
   1.3839321966308589e+03
   1.3399047086876590e+03
   1.1123095556528551e+03
   1.2688201351853108e+03
   1.0910230527232479e+03
   1.1117975802873232e+03
   1.2466612911888515e+03
   1.1189741298202332e+03
   1.1152376033842415e+03
   1.1733343193781350e+03
   1.1079934445915296e+03
   1.0418432427787229e+03
   1.1283098407813684e+03
   1.2825509055166458e+03
   1.1722997490172104e+03
   1.2107687663587712e+03
   1.0613077094973810e+03
   9.7079357440350088e+02
   1.0866690282190079e+03
   1.2061590736561659e+03
   1.2969400866709386e+03
   1.0658659220556526e+03
   1.1274292002061143e+03
   1.0645764996917369e+03
   1.0747754886962734e+03
   1.0935654770512763e+03
   1.0502834298539949e+03
   1.1848876183094180e+03
   1.0437786248312200e+03
   1.2004511639087418e+03
   1.1810188348639351e+03
   1.0427105126483029e+03
   9.9554906878573775e+02
   1.0734702778065271e+03
   1.0098316601249012e+03
   1.0025232322740644e+03
   1.1451978110850800e+03
   1.1245228802786578e+03
   1.1559613819788146e+03
   1.3000944170491725e+03
   1.2206875612456224e+03
   1.3789227275581818e+03
   1.3512048775895178e+03
   1.1513202401943856e+03
   1.1414602935650375e+03
   1.0696209320004807e+03
   1.1622914173811007e+03
   1.3041370011639547e+03
   1.1615331494851339e+03
   1.0986601580586305e+03
   9.6916097150467942e+02
   1.0931274431611339e+03
   1.1736275785426506e+03
   1.1476154005984667e+03
   1.1391643133858097e+03
   1.1375943179417914e+03
   1.0631974945634495e+03
   9.8938125062463223e+02
   9.6402132810473267e+02
   1.3349905151985304e+03
   1.0576323452664024e+03
   1.1070375955994564e+03
   9.7106946657979165e+02
   1.1010265439130462e+03
   1.0020410753975940e+03
   9.5511464809830295e+02
   1.0297448206100803e+03
   1.0555927604800381e+03
   8.6579508302820523e+02
   9.6611115462915654e+02
   1.2381262741310875e+03
   1.1389380125793159e+03
   1.0434343701557088e+03
   1.1358894597308526e+03
   9.4291661573567671e+02
   1.0397705550023193e+03
   8.8727117288977036e+02
   1.0809079149710676e+03
   9.9525967147358915e+02
   9.9471704324098084e+02
   1.1168549114010088e+03
   1.2705396186493117e+03
   1.0476925176831749e+03
   1.1972209387230398e+03
   1.0259497174531698e+03
   1.2941578172946033e+03
   1.1847459366593939e+03
   1.2109691689601298e+03
   1.1218275777912706e+03
   1.0448508454265916e+03
   1.1179772513239304e+03
   1.1480811203896235e+03
   1.1714024363045824e+03
   1.1688758370135429e+03
   1.3356127725806373e+03
   1.1759482875311578e+03
   1.2027007781100995e+03
   1.3629928799115719e+03
   1.2400996995675571e+03
   1.3693030621261651e+03
   1.3366163313886034e+03
   1.1254887289789926e+03
   1.1500985696963421e+03
   1.2152084720905405e+03
   1.2330542419027338e+03
   1.1833199490157547e+03
   1.0952315145453731e+03
   1.1286237417819129e+03
   1.1378880681879450e+03
   1.0812295329141857e+03
   8.2655749241771764e+02
   1.1992777290802208e+03
   1.1544028631285539e+03
   1.0308491015160548e+03
   1.0074010796273219e+03
   1.0458576093601573e+03
   1.2075559372540474e+03
   1.0103174461316846e+03
   1.0922308532055629e+03
   1.1378410424555757e+03
   1.1051929309114314e+03
   9.8234578043459965e+02
   1.0060411672380581e+03
   1.0491563212716592e+03
   9.5082624488002739e+02
   1.0606658312009729e+03
   1.0064273093924172e+03
   1.1346015926955990e+03
   1.1380365611373127e+03
   1.2205269301785652e+03
   1.2832066757140158e+03
   1.1676532388979801e+03
   1.2185436121695093e+03
   1.0790146895557696e+03
   1.1761088831501663e+03
   1.2656741006726156e+03
   1.0258576388049471e+03
   1.0954659343470894e+03
   1.1490844580334858e+03
   1.2995060796430621e+03
   1.2704373592836932e+03
                      NaN
                      NaN
                      NaN
                      NaN
                      NaN
                      NaN
                      NaN
                      NaN
                      NaN
                      NaN
                      NaN
   1.0611011127030065e+03
   1.0639943638240184e+03
   1.2353208318928171e+03
   1.1183051207960025e+03
   1.1410857221641295e+03
   1.0472095229696531e+03
   1.1335644484041509e+03
   9.3204122250329829e+02
   1.3145155343394290e+03
   1.1081917800237086e+03
   1.1342711136682794e+03
   9.9597795553785920e+02
   1.0790112922825733e+03
   1.0613731499110988e+03
   1.0746505699451170e+03
   1.0316615672908206e+03
   1.0446987420198666e+03
   1.0765778855796250e+03
   1.1139896484815679e+03
   1.0421935209219034e+03
   1.0833349756882062e+03
   1.2255066761625926e+03
   1.1262201622264067e+03
   9.8399379516355441e+02
   1.0728072639312288e+03
   1.2303009371497706e+03
   1.0989562310934928e+03
   1.2045353661496763e+03
   1.1979352582503175e+03
   1.0513362805039123e+03
   1.1442884018470174e+03
   1.2140959759568436e+03
   1.1462216040471010e+03
   1.1372358631110010e+03
   1.1605531201140077e+03
   1.1116141214455638e+03
   1.2430522671459580e+03
   9.7716182977023107e+02
   1.1950115507585197e+03
   1.2476429288652268e+03
   1.3278260225195186e+03
   1.1548598376903587e+03
   1.2079660497758148e+03
   1.2085050995972499e+03
   1.1030806052075322e+03
   1.0658154594948612e+03
   1.1943472142118444e+03
   1.2553511051738847e+03
   1.1549911408998066e+03
   1.1309463125309178e+03
   1.1788096894235707e+03
   1.0374111799807988e+03
   1.3352324337533380e+03
   1.0690642597542831e+03
   9.2345337602674977e+02
   1.0768071744138781e+03
   1.1133954252700428e+03
   1.1509915090291775e+03
   1.1922727457618059e+03
   1.0901277309721061e+03
   9.4495204356940849e+02
   1.0159975453636365e+03
   1.0274799640890137e+03
   1.0712864274643009e+03
   1.1246132070901388e+03
   1.0442616228162578e+03
   1.1827056216333790e+03
   1.0277666841126245e+03
   9.8168154296203033e+02
   1.1429146802421087e+03
   1.0535684694603613e+03
   8.7937603898700604e+02
   1.2805164222196861e+03
   1.1293348765010874e+03
   1.3505492890996920e+03
   1.3647561881384877e+03
   1.1863708456520462e+03
   1.1885552454014601e+03
   1.2343859022768004e+03
   1.1498552559667346e+03
   1.2267593317780625e+03
   1.1931592411548052e+03
   1.1212040359326852e+03
   1.1046848551687135e+03
   1.2650556618736687e+03
   1.1540613238943649e+03
   1.1101395679230075e+03
   1.0956821055744099e+03
   1.1222365313500736e+03
   1.1129193641644140e+03
   1.1390261176682588e+03
   1.2745009275571338e+03
   1.0981888010743910e+03
   1.0666624422574735e+03
   1.2048900120054268e+03
   1.2656671719518868e+03
   1.1006897005992464e+03
   1.2046456457608024e+03
   1.2050461721354541e+03
   1.0607268543565726e+03
   1.0715857260628484e+03
   1.0605657214115770e+03
   1.1227019052215705e+03
   1.2263011920932822e+03
   1.0403552899131989e+03
   1.0219324184789140e+03
   9.1044833725933381e+02
   1.0428546393825870e+03
   1.0688381513142604e+03
   1.3077594848015228e+03
   1.1235555216149653e+03
   1.1997907893790350e+03
   1.2021678614072848e+03
   1.1782016897104165e+03
