   1.2845370719389737e+03
   1.2817128487102955e+03
   1.2789330844950714e+03
   1.0709307790932799e+03
   1.3557390148671643e+03
   1.2283488165461661e+03
   1.2846410640454587e+03
   1.3074900306612262e+03
   1.2659696262603370e+03
   1.0097430683018166e+03
   1.2798770799529364e+03
   1.0017112919398558e+03
   1.2105325486452771e+03
   1.2440789050709241e+03
   1.1637281673952402e+03
   1.1585951644780043e+03
   1.1942274540004510e+03
   1.1978321690885948e+03
   1.2506166863608746e+03
   1.0730681876794904e+03
   1.3070088167339386e+03
   1.1420877121173316e+03
   1.1849017774490417e+03
   1.0367288358472204e+03
   1.1640300600289679e+03
   1.1682543026596709e+03
   1.0088420773920275e+03
   1.2221328593194105e+03
   1.2523550445314859e+03
   1.1145030903939917e+03
   1.1131363711756699e+03
   1.0727556831325837e+03
   1.2523161181197061e+03
   1.0385845528345762e+03
   1.1047870248883532e+03
   1.1638120607466299e+03
   9.8693673669541647e+02
   1.2015414721130714e+03
   1.1254508288178213e+03
   1.0719344517967461e+03
   1.1528059561113816e+03
   1.0917641044522918e+03
   1.2208111169696435e+03
   1.2598952062524152e+03
   1.2474967318506874e+03
   1.1681745005292173e+03
   1.2436664286124108e+03
   1.0508362615661249e+03
   1.1908056879721109e+03
   9.7995909460998348e+02
   1.2241759668669881e+03
   1.1097522213181701e+03
   1.0924554685571425e+03
   1.1945113539991239e+03
   9.4720494549254977e+02
   1.1660022588479953e+03
   1.1982246177568427e+03
   1.2134211580817707e+03
   1.1648041286496614e+03
   1.0988215727656825e+03
   1.1791114754796431e+03
   8.1639279344726231e+02
   8.9474519329901830e+02
   1.0860125814737073e+03
   1.0658932866348514e+03
   9.1090196129509047e+02
   9.4003184727350458e+02
   1.0598011458601418e+03
   1.0106328745436304e+03
   8.7456645045197013e+02
   1.0185898319251464e+03
   7.8813689614910925e+02
   6.9605927489881003e+02
   9.6230583126144688e+02
   1.1695532184348506e+03
   1.1430752636582395e+03
   7.6797842862776554e+02
   1.0594629082254442e+03
   1.0816508362758461e+03
   1.0477719460021228e+03
   9.9730872811169706e+02
   1.1220961173085204e+03
   1.0505364483988869e+03
   1.0063553434709745e+03
   1.1588741522678285e+03
   1.0436388856588787e+03
   1.1254255561565742e+03
   1.1265036486287422e+03
   1.2348003058025818e+03
   9.2281203532678569e+02
   1.1236065917729206e+03
   1.0620306374221364e+03
   1.1396030907389163e+03
   1.1796237711911140e+03
   1.1874650766783557e+03
   1.2949250827742328e+03
   1.2306297296336077e+03
   1.1772339530143461e+03
   1.0875734494204148e+03
   1.1753602676156111e+03
   1.0327834903073854e+03
   1.2709359002189851e+03
   1.3939535253172921e+03
   1.0447699234948925e+03
   1.2714579495366322e+03
   1.1302801350484674e+03
   1.0657346684921572e+03
   1.0060275614807273e+03
   1.0891594107243313e+03
   1.0823243156049134e+03
   1.2390017782669031e+03
   1.2539420199427332e+03
   1.2968695870250358e+03
   1.0626546495013176e+03
   1.3228150430109047e+03
   1.1912601233563787e+03
   1.0276702863150053e+03
   1.2006737041899914e+03
   1.0193446344596898e+03
   1.1520471883673199e+03
   1.0704713984993275e+03
   1.1463581547408307e+03
   1.1379567104871148e+03
   1.1115893668822862e+03
   1.2212070427315771e+03
   1.0267418214261215e+03
   1.1030943748695422e+03
   1.1187221451119808e+03
   1.1578652374128501e+03
   1.1182127506846907e+03
   1.0641870927683326e+03
   9.8093475593128380e+02
   1.0036810090935139e+03
   1.1063483423506887e+03
   1.0465118869827941e+03
   1.1460894940179680e+03
   1.2603717342570940e+03
   1.2824455847728095e+03
   1.1459069031802646e+03
   1.3268546838525574e+03
   1.0728817260625769e+03
   1.2792185511380915e+03
   1.0866663889295623e+03
   1.0775781706405148e+03
   1.2112741413525093e+03
   1.1880906216319563e+03
   1.1209614566150108e+03
   1.1803935381901974e+03
   1.5578608459196385e+03
   1.0564204676082936e+03
   1.1334412208028091e+03
   1.2279610697286753e+03
   1.3026851672829600e+03
   1.1573191796066180e+03
   1.1073208350301386e+03
   1.2899596904457337e+03
   1.0024053736332585e+03
   1.0934814996388386e+03
   9.5792017709898914e+02
   1.0027078409010783e+03
   1.1408312772770150e+03
   1.0252256282079152e+03
   1.0067446453045429e+03
   1.1497645943903115e+03
   1.1343986596041987e+03
   1.0176056350033640e+03
   1.0138332608871049e+03
   1.1893497487149812e+03
   1.1309315272948679e+03
   1.0763170921501094e+03
   1.2775842955014527e+03
                      NaN
                      NaN
                      NaN
                      NaN
                      NaN
                      NaN
                      NaN
                      NaN
                      NaN
                      NaN
                      NaN
   1.1498807891509427e+03
   1.3040775113667173e+03
   1.4951340847458009e+03
   1.2402060784977061e+03
   1.1806550941429632e+03
   1.4627943412419875e+03
   1.2614718622629632e+03
   1.3285215533585383e+03
   1.2652672422105420e+03
   1.2870237075172408e+03
   1.2615759333926856e+03
   1.2502227711314940e+03
   1.2552040909053601e+03
   1.2383747251954728e+03
   1.3274835304411781e+03
   1.0160238058703519e+03
   9.8440710629584350e+02
   1.1998285225717168e+03
   1.1970649989591723e+03
   1.3273449159052489e+03
   1.2418615526888157e+03
   1.1415534231799481e+03
   1.0880132353794604e+03
   8.7885973763480752e+02
   1.1857461719310415e+03
   8.6784914968062992e+02
   1.0446470290003854e+03
   1.0578444933676533e+03
   1.0276220044417787e+03
   1.0512120517259136e+03
   1.1571335710121882e+03
   1.2628297756479451e+03
   1.0601255011244489e+03
   1.0760837246075509e+03
   1.1137984133256771e+03
   1.1094087542571554e+03
   1.1604003424739683e+03
   9.9950883456990323e+02
   1.1611209843064612e+03
   1.2491916219633285e+03
   9.6409270626159309e+02
   1.2041000980371687e+03
   8.9427687241625995e+02
   1.0322913134899668e+03
   1.1044300390480894e+03
   1.0988461351071483e+03
   1.0579518104793442e+03
   1.0811781405174675e+03
   1.0100807118380985e+03
   1.1030932480929646e+03
   8.8783987962482956e+02
   8.3515317745256721e+02
   1.1782485548843558e+03
   1.0145346189579701e+03
   1.0546620995983094e+03
   1.1883612989480785e+03
   1.1747816868280629e+03
   1.0330729911786834e+03
   1.3396718435401372e+03
   1.0049328391667717e+03
   1.2402640613753090e+03
   1.2235729641356857e+03
   1.0793677066914361e+03
   1.1534426181731910e+03
   1.1324203637439837e+03
   1.1756621943464520e+03
   1.0195747259130912e+03
   1.3091735607621222e+03
   1.1688433047300528e+03
   1.0492860462770000e+03
   1.1526418085185278e+03
   1.3283324811725561e+03
   1.0698035614194832e+03
   9.4687668510657181e+02
   1.0244993766707380e+03
   1.1585701243576218e+03
   1.1094713688242562e+03
   1.0326651302495484e+03
   1.0495339962631076e+03
   9.2411238828124999e+02
   1.2029659410757929e+03
   8.8499632972875361e+02
   8.9119357377941401e+02
   1.0161808068261146e+03
   1.0345794378974003e+03
   1.1723084891708090e+03
   1.2336364795397196e+03
   1.0853263605734489e+03
   1.1285476488690051e+03
   1.1184224578520088e+03
   1.1021308369985973e+03
   1.0747165074697887e+03
   9.5066563566028526e+02
   1.0382434616757291e+03
   1.1118160803133619e+03
   1.1033234586615172e+03
   1.1119413346093233e+03
   1.3179079440616351e+03
   1.2510878835054905e+03
   1.2224404521200324e+03
   1.2351381192236313e+03
   1.1238892536271323e+03
   1.1744885845652755e+03
   1.2063042694310661e+03
   1.1765399312343984e+03
   1.0449820601492249e+03
   1.1759143970427999e+03
   1.0959503321369386e+03
   1.0211468418971619e+03
   1.1595071265444412e+03
   1.1652732444719827e+03
   1.2108122291242980e+03
   1.2572093934199531e+03
   1.0922815521709938e+03
   1.0521973936015102e+03
   1.2275344086703199e+03
   1.0564932756523997e+03
   1.0092318109115188e+03
