   1.2079849276938567e+03
   1.1529122047372143e+03
   1.1490788037013347e+03
   1.0531460195179088e+03
   1.1440399630679162e+03
   1.2397914862437681e+03
   1.1259309452150915e+03
   1.2095231722709491e+03
   1.2537430896427077e+03
   1.1216429353235919e+03
   1.1115913252058599e+03
   1.3019813676506092e+03
   1.1266020634492247e+03
   1.2659194758835117e+03
   1.2403828320976381e+03
   1.1479507807319947e+03
   1.2227126160464982e+03
   1.3567903777253282e+03
   1.2781011768823869e+03
   1.2455879448435526e+03
   1.2792045622676110e+03
                      NaN
                      NaN
                      NaN
                      NaN
                      NaN
                      NaN
                      NaN
                      NaN
                      NaN
   1.1837006302322579e+03
   1.1127451230234749e+03
   1.2525776638742450e+03
   1.1539849891277772e+03
   1.2835895877289129e+03
   1.1998955786781103e+03
   1.0784851268601158e+03
   1.1035389694504381e+03
   1.1787196865827730e+03
   1.0732039701585791e+03
   1.1512967103065271e+03
   1.0843090487932677e+03
   1.0606140528879996e+03
   1.0579424089585459e+03
   1.1397648248949331e+03
   1.1573953829328532e+03
   1.2247852086416106e+03
   1.1119046547318737e+03
   1.1525829416589518e+03
   1.0679757677485593e+03
   1.1302772827712272e+03
   1.1511950467495044e+03
   1.1379088943692916e+03
   1.1421736402278400e+03
   1.1357962965777508e+03
   1.2315760648418900e+03
   1.3209766474999967e+03
   1.2209492675615786e+03
   1.2449312819860388e+03
   1.2347247786927142e+03
   1.2518983024291747e+03
   1.0671827869903836e+03
   1.1273017920604489e+03
   1.1465779671855776e+03
   1.2777984234488047e+03
   1.2391103780363069e+03
   1.2086233312923016e+03
   1.2445374764915459e+03
   1.1490743680722276e+03
   1.2051182463956713e+03
   1.1897284852393930e+03
   1.1122011603760143e+03
   1.2090691580816494e+03
   1.0706223544020029e+03
   1.2180812957144237e+03
   1.0803268046884843e+03
   1.0027942272485681e+03
   1.1001132884433282e+03
   1.1278319091887629e+03
   1.2029903332454778e+03
   1.0322117480297329e+03
   1.1353340603069487e+03
   1.1922053870986881e+03
   1.2241094025916072e+03
   1.1382042150021377e+03
   1.2414101432108268e+03
   1.2348904569367298e+03
   1.0663570619330574e+03
   1.1194084704771656e+03
   1.0820323390106801e+03
   1.0319836844535953e+03
   1.2415651434878696e+03
   1.1702930732460745e+03
   1.1322602283038257e+03
   1.1712112263441122e+03
   1.0507928200900978e+03
   1.1279740771672173e+03
   1.2408441751389441e+03
   1.3209009282628306e+03
   1.2389998459086696e+03
   9.1190239565137404e+02
   1.1144498758388647e+03
   1.0300043000634062e+03
   1.2126851502106620e+03
   1.0325083717853443e+03
   1.1539902536545242e+03
   1.2044029236816850e+03
   1.2092328776035579e+03
   1.1883415221044193e+03
   1.2024014967759090e+03
   1.2019729175456616e+03
   1.2040480450162374e+03
   1.1991774700485637e+03
   1.2120222964024201e+03
   1.2968246325029274e+03
   1.1199855651262310e+03
   1.4169588216045872e+03
   1.1292218713330835e+03
   1.3942102037585087e+03
   1.3248975071384082e+03
   1.2901097401892539e+03
   1.3996253315117240e+03
   1.1604873794202306e+03
   1.2047883531475838e+03
   1.2455169865222783e+03
   1.2411609344340300e+03
   1.2581335426286228e+03
   1.1484143914499455e+03
   1.2128711312843313e+03
   1.1409783093726928e+03
   1.1857604581955170e+03
   1.1914155768001583e+03
   1.1036883358535185e+03
   1.0156847650294883e+03
   1.1637528253733446e+03
   1.1320711879087878e+03
   1.2071503473236708e+03
   1.0652049070872745e+03
   1.2805111599072809e+03
   1.2505161475027980e+03
   1.1628343537646565e+03
   1.1695426054486186e+03
   1.2528182872465832e+03
   1.1133136989427180e+03
   1.0228267716653506e+03
   1.2745688784883332e+03
   1.2443960324467612e+03
   1.0178884923746515e+03
   1.0716024709854989e+03
   1.1950590978225616e+03
   1.3253026951008355e+03
   1.2422155148987567e+03
   1.0966868386551776e+03
   1.1641275737689714e+03
   1.3971730117449999e+03
   1.2495457634445079e+03
   1.2918703032260792e+03
   1.1868229546306140e+03
   1.1777774822411416e+03
   1.1076572839477581e+03
   1.1072044113016123e+03
   1.2697260914136357e+03
   1.2532335997293919e+03
   1.0431324474041378e+03
   1.1700397219424112e+03
   1.1446399612192974e+03
   1.1375386894677795e+03
   1.0091991446922717e+03
   1.0990981282081916e+03
   1.0619459147768139e+03
   1.1515861191259930e+03
   1.2773147222947218e+03
   1.1408537807120088e+03
   1.1674924651291872e+03
   1.1424365270948797e+03
   1.0522536014954014e+03
   1.1358157372038315e+03
   1.2339555343834988e+03
   1.1313677837873311e+03
   1.1678444790865412e+03
   1.1677552039157010e+03
   1.2848604483152130e+03
   1.1404315488407824e+03
   1.2721049621268257e+03
   1.1293911570367543e+03
   1.0808849516998546e+03
   1.0589661368943646e+03
   1.3064448870598321e+03
   1.0422828375300658e+03
   1.2063437233989109e+03
   1.0459111646724107e+03
   1.1937472277623210e+03
   1.1894882601303439e+03
   9.8698852529214719e+02
   1.0370162335591076e+03
   1.1807426878718281e+03
   1.2732910631873408e+03
   1.2694034798634634e+03
   1.3074796887720377e+03
   1.1831438718321904e+03
   1.1401514732749438e+03
   1.2928236271999476e+03
   1.1139733150717541e+03
   1.2642369973853665e+03
   1.3197471004291706e+03
   1.2042103357953324e+03
   1.2444354666143072e+03
   1.3233982893908478e+03
   1.2309679624553205e+03
   1.3671614796135455e+03
   1.2764820875706225e+03
   1.3082853972912003e+03
   1.2629153022159114e+03
   1.1754041506951949e+03
   1.2338129780835159e+03
   1.0061300584808164e+03
   1.0814126069262084e+03
   1.1578668012072515e+03
   1.2022185430681070e+03
   1.2687234144322838e+03
   1.2983165559730082e+03
   1.2212546595450344e+03
   1.1702824560892186e+03
   1.1322795019988814e+03
   1.1361982494228052e+03
   1.0406034559386815e+03
   1.1360238660257123e+03
   1.2207577101435202e+03
   1.0583141457455733e+03
   1.2549698534260774e+03
   1.0067909544016055e+03
   1.1383150840745791e+03
   1.2164595786845900e+03
   1.1488860483168792e+03
   1.3002834531099106e+03
   1.0574775847848521e+03
   1.0828700334171535e+03
   1.1391627065293392e+03
   1.2622985581881044e+03
   1.1695062488456624e+03
   1.1125183285286212e+03
   1.2243957087045974e+03
   1.1498291484361948e+03
   1.1614444515842245e+03
   9.5861544888313938e+02
   1.2523617813140140e+03
   1.2495427894373020e+03
   1.2292735445657142e+03
   1.0259293642976832e+03
   1.2660725208530521e+03
   1.2702685840981399e+03
   1.1492004715118455e+03
   1.1339334977946028e+03
   1.1987605841800771e+03
   1.1620792475207609e+03
   1.1862902710839971e+03
   1.2036200186435899e+03
   1.2963520062859084e+03
   1.3155284025036117e+03
   1.3323993138418073e+03
   1.2630575105612061e+03
   1.0627735973280360e+03
   1.3347706366255716e+03
   1.3129636920861481e+03
   1.0985748220143037e+03
   1.2918429319344682e+03
   1.1052850664548246e+03
   1.1151016216074329e+03
   1.0459667976966573e+03
   1.1165872480150624e+03
   1.0742984145225225e+03
   1.1663700023730512e+03
   1.2137715891185069e+03
   1.1349001655575651e+03
   1.1408323648501214e+03
   1.2193570967549815e+03
   1.2693673094755040e+03
   1.1430028032708663e+03
   1.0511140330628621e+03
   1.1278559068910467e+03
   1.0719453714948636e+03
   1.1019890728232490e+03
   1.1796955030105178e+03
   1.1798200824800513e+03
   1.1858728257670896e+03
   1.0380363799376585e+03
   1.4497407817949177e+03
   1.2323900630421401e+03
   1.2169935828727430e+03
   1.2045062281440610e+03
   1.1383333171863060e+03
   1.2739643722663295e+03
   1.2825547499276686e+03
   1.3206532971614272e+03
   1.3350262477150557e+03
   1.0294888206857509e+03
   1.1775518034727556e+03
   1.3018531554082886e+03
   1.2759101569417487e+03
   1.2353535687145877e+03
